; FBX 7.3.0 project file
; Copyright (C) 1997-2010 Autodesk Inc. and/or its licensors.
; All rights reserved.
; ----------------------------------------------------

FBXHeaderExtension:  {
	FBXHeaderVersion: 1003
	FBXVersion: 7300
	CreationTimeStamp:  {
		Version: 1000
		Year: 2016
		Month: 1
		Day: 30
		Hour: 14
		Minute: 45
		Second: 50
		Millisecond: 143
	}
	Creator: "FBX SDK/FBX Plugins version 2013.1"
	SceneInfo: "SceneInfo::GlobalInfo", "UserData" {
		Type: "UserData"
		Version: 100
		MetaData:  {
			Version: 100
			Title: ""
			Subject: ""
			Author: ""
			Keywords: ""
			Revision: ""
			Comment: ""
		}
		Properties70:  {
			P: "DocumentUrl", "KString", "Url", "", "C:\Users\Madnar\Desktop\rope.fbx"
			P: "SrcDocumentUrl", "KString", "Url", "", "C:\Users\Madnar\Desktop\rope.fbx"
			P: "Original", "Compound", "", ""
			P: "Original|ApplicationVendor", "KString", "", "", "Autodesk"
			P: "Original|ApplicationName", "KString", "", "", "Maya"
			P: "Original|ApplicationVersion", "KString", "", "", "2013"
			P: "Original|DateTime_GMT", "DateTime", "", "", "30/01/2016 21:45:50.141"
			P: "Original|FileName", "KString", "", "", "C:/Users/Madnar/Desktop/rope.fbx"
			P: "LastSaved", "Compound", "", ""
			P: "LastSaved|ApplicationVendor", "KString", "", "", "Autodesk"
			P: "LastSaved|ApplicationName", "KString", "", "", "Maya"
			P: "LastSaved|ApplicationVersion", "KString", "", "", "2013"
			P: "LastSaved|DateTime_GMT", "DateTime", "", "", "30/01/2016 21:45:50.141"
		}
	}
}
GlobalSettings:  {
	Version: 1000
	Properties70:  {
		P: "UpAxis", "int", "Integer", "",1
		P: "UpAxisSign", "int", "Integer", "",1
		P: "FrontAxis", "int", "Integer", "",2
		P: "FrontAxisSign", "int", "Integer", "",1
		P: "CoordAxis", "int", "Integer", "",0
		P: "CoordAxisSign", "int", "Integer", "",1
		P: "OriginalUpAxis", "int", "Integer", "",1
		P: "OriginalUpAxisSign", "int", "Integer", "",1
		P: "UnitScaleFactor", "double", "Number", "",1
		P: "OriginalUnitScaleFactor", "double", "Number", "",1
		P: "AmbientColor", "ColorRGB", "Color", "",0,0,0
		P: "DefaultCamera", "KString", "", "", "Producer Top"
		P: "TimeMode", "enum", "", "",11
		P: "TimeSpanStart", "KTime", "Time", "",1924423250
		P: "TimeSpanStop", "KTime", "Time", "",92372316000
		P: "CustomFrameRate", "double", "Number", "",-1
	}
}

; Documents Description
;------------------------------------------------------------------

Documents:  {
	Count: 1
	Document: 895507888, "", "Scene" {
		Properties70:  {
			P: "SourceObject", "object", "", ""
			P: "ActiveAnimStackName", "KString", "", "", "Take 001"
		}
		RootNode: 0
	}
}

; Document References
;------------------------------------------------------------------

References:  {
}

; Object definitions
;------------------------------------------------------------------

Definitions:  {
	Version: 100
	Count: 51
	ObjectType: "GlobalSettings" {
		Count: 1
	}
	ObjectType: "AnimationStack" {
		Count: 1
		PropertyTemplate: "FbxAnimStack" {
			Properties70:  {
				P: "Description", "KString", "", "", ""
				P: "LocalStart", "KTime", "Time", "",0
				P: "LocalStop", "KTime", "Time", "",0
				P: "ReferenceStart", "KTime", "Time", "",0
				P: "ReferenceStop", "KTime", "Time", "",0
			}
		}
	}
	ObjectType: "AnimationLayer" {
		Count: 1
		PropertyTemplate: "FbxAnimLayer" {
			Properties70:  {
				P: "Weight", "Number", "", "A",100
				P: "Mute", "bool", "", "",0
				P: "Solo", "bool", "", "",0
				P: "Lock", "bool", "", "",0
				P: "Color", "ColorRGB", "Color", "",0.8,0.8,0.8
				P: "BlendMode", "enum", "", "",0
				P: "RotationAccumulationMode", "enum", "", "",0
				P: "ScaleAccumulationMode", "enum", "", "",0
				P: "BlendModeBypass", "ULongLong", "", "",0
			}
		}
	}
	ObjectType: "Geometry" {
		Count: 1
		PropertyTemplate: "FbxMesh" {
			Properties70:  {
				P: "Color", "ColorRGB", "Color", "",0.8,0.8,0.8
				P: "BBoxMin", "Vector3D", "Vector", "",0,0,0
				P: "BBoxMax", "Vector3D", "Vector", "",0,0,0
				P: "Primary Visibility", "bool", "", "",1
				P: "Casts Shadows", "bool", "", "",1
				P: "Receive Shadows", "bool", "", "",1
			}
		}
	}
	ObjectType: "Material" {
		Count: 1
		PropertyTemplate: "FbxSurfaceLambert" {
			Properties70:  {
				P: "ShadingModel", "KString", "", "", "Lambert"
				P: "MultiLayer", "bool", "", "",0
				P: "EmissiveColor", "ColorRGB", "Color", "",0,0,0
				P: "EmissiveFactor", "double", "Number", "",1
				P: "AmbientColor", "ColorRGB", "Color", "",0.2,0.2,0.2
				P: "AmbientFactor", "double", "Number", "",1
				P: "DiffuseColor", "ColorRGB", "Color", "",0.8,0.8,0.8
				P: "DiffuseFactor", "double", "Number", "",1
				P: "Bump", "Vector3D", "Vector", "",0,0,0
				P: "NormalMap", "Vector3D", "Vector", "",0,0,0
				P: "BumpFactor", "double", "Number", "",1
				P: "TransparentColor", "ColorRGB", "Color", "",0,0,0
				P: "TransparencyFactor", "double", "Number", "",0
				P: "DisplacementColor", "ColorRGB", "Color", "",0,0,0
				P: "DisplacementFactor", "double", "Number", "",1
				P: "VectorDisplacementColor", "ColorRGB", "Color", "",0,0,0
				P: "VectorDisplacementFactor", "double", "Number", "",1
			}
		}
	}
	ObjectType: "Model" {
		Count: 12
		PropertyTemplate: "FbxNode" {
			Properties70:  {
				P: "QuaternionInterpolate", "enum", "", "",0
				P: "RotationOffset", "Vector3D", "Vector", "",0,0,0
				P: "RotationPivot", "Vector3D", "Vector", "",0,0,0
				P: "ScalingOffset", "Vector3D", "Vector", "",0,0,0
				P: "ScalingPivot", "Vector3D", "Vector", "",0,0,0
				P: "TranslationActive", "bool", "", "",0
				P: "TranslationMin", "Vector3D", "Vector", "",0,0,0
				P: "TranslationMax", "Vector3D", "Vector", "",0,0,0
				P: "TranslationMinX", "bool", "", "",0
				P: "TranslationMinY", "bool", "", "",0
				P: "TranslationMinZ", "bool", "", "",0
				P: "TranslationMaxX", "bool", "", "",0
				P: "TranslationMaxY", "bool", "", "",0
				P: "TranslationMaxZ", "bool", "", "",0
				P: "RotationOrder", "enum", "", "",0
				P: "RotationSpaceForLimitOnly", "bool", "", "",0
				P: "RotationStiffnessX", "double", "Number", "",0
				P: "RotationStiffnessY", "double", "Number", "",0
				P: "RotationStiffnessZ", "double", "Number", "",0
				P: "AxisLen", "double", "Number", "",10
				P: "PreRotation", "Vector3D", "Vector", "",0,0,0
				P: "PostRotation", "Vector3D", "Vector", "",0,0,0
				P: "RotationActive", "bool", "", "",0
				P: "RotationMin", "Vector3D", "Vector", "",0,0,0
				P: "RotationMax", "Vector3D", "Vector", "",0,0,0
				P: "RotationMinX", "bool", "", "",0
				P: "RotationMinY", "bool", "", "",0
				P: "RotationMinZ", "bool", "", "",0
				P: "RotationMaxX", "bool", "", "",0
				P: "RotationMaxY", "bool", "", "",0
				P: "RotationMaxZ", "bool", "", "",0
				P: "InheritType", "enum", "", "",0
				P: "ScalingActive", "bool", "", "",0
				P: "ScalingMin", "Vector3D", "Vector", "",0,0,0
				P: "ScalingMax", "Vector3D", "Vector", "",1,1,1
				P: "ScalingMinX", "bool", "", "",0
				P: "ScalingMinY", "bool", "", "",0
				P: "ScalingMinZ", "bool", "", "",0
				P: "ScalingMaxX", "bool", "", "",0
				P: "ScalingMaxY", "bool", "", "",0
				P: "ScalingMaxZ", "bool", "", "",0
				P: "GeometricTranslation", "Vector3D", "Vector", "",0,0,0
				P: "GeometricRotation", "Vector3D", "Vector", "",0,0,0
				P: "GeometricScaling", "Vector3D", "Vector", "",1,1,1
				P: "MinDampRangeX", "double", "Number", "",0
				P: "MinDampRangeY", "double", "Number", "",0
				P: "MinDampRangeZ", "double", "Number", "",0
				P: "MaxDampRangeX", "double", "Number", "",0
				P: "MaxDampRangeY", "double", "Number", "",0
				P: "MaxDampRangeZ", "double", "Number", "",0
				P: "MinDampStrengthX", "double", "Number", "",0
				P: "MinDampStrengthY", "double", "Number", "",0
				P: "MinDampStrengthZ", "double", "Number", "",0
				P: "MaxDampStrengthX", "double", "Number", "",0
				P: "MaxDampStrengthY", "double", "Number", "",0
				P: "MaxDampStrengthZ", "double", "Number", "",0
				P: "PreferedAngleX", "double", "Number", "",0
				P: "PreferedAngleY", "double", "Number", "",0
				P: "PreferedAngleZ", "double", "Number", "",0
				P: "LookAtProperty", "object", "", ""
				P: "UpVectorProperty", "object", "", ""
				P: "Show", "bool", "", "",1
				P: "NegativePercentShapeSupport", "bool", "", "",1
				P: "DefaultAttributeIndex", "int", "Integer", "",-1
				P: "Freeze", "bool", "", "",0
				P: "LODBox", "bool", "", "",0
				P: "Lcl Translation", "Lcl Translation", "", "A",0,0,0
				P: "Lcl Rotation", "Lcl Rotation", "", "A",0,0,0
				P: "Lcl Scaling", "Lcl Scaling", "", "A",1,1,1
				P: "Visibility", "Visibility", "", "A",1
				P: "Visibility Inheritance", "Visibility Inheritance", "", "",1
			}
		}
	}
	ObjectType: "NodeAttribute" {
		Count: 11
		PropertyTemplate: "FbxSkeleton" {
			Properties70:  {
				P: "Color", "ColorRGB", "Color", "",0.8,0.8,0.8
				P: "Size", "double", "Number", "",100
				P: "LimbLength", "double", "Number", "H",1
			}
		}
	}
	ObjectType: "AnimationCurveNode" {
		Count: 11
	}
	ObjectType: "Pose" {
		Count: 1
	}
	ObjectType: "Deformer" {
		Count: 11
	}
}

; Object properties
;------------------------------------------------------------------

Objects:  {
	Geometry: 896216320, "Geometry::", "Mesh" {
		Vertices: *126 {
			a: 1.57125544548035,-7.71503305435181,-0.517389416694641,1.33658933639526,-7.71503305435181,-0.984132528305054,0.971088886260986,-7.71503305435181,-1.35454201698303,0.510531425476074,-7.71503305435181,-1.5923593044281,-4.9053790007747e-007,-7.71503305435181,-1.67430543899536,-0.510532379150391,-7.71503305435181,-1.5923593044281,-0.971090078353882,-7.71503305435181,-1.35454201698303,-1.33658909797668,-7.71503305435181,-0.984132289886475,-1.5712559223175,-7.71503305435181,-0.517389297485352,-1.65211582183838,-7.71503305435181,-6.5002643623302e-007,-1.5712559223175,-7.71503305435181,0.517387986183167,-1.33658909797668,-7.71503305435181,0.984131097793579,-0.971090078353882,-7.71503305435181,1.3545401096344,-0.510532259941101,-7.71503305435181,1.59235739707947,-5.39774873686838e-007,-7.71503305435181,1.67430353164673,0.510531067848206,-7.71503305435181,1.59235739707947,0.971088647842407,-7.71503305435181,1.3545401096344,1.33658790588379,-7.71503305435181,0.984131097793579,1.57125449180603,-7.71503305435181,0.517387866973877,1.6521143913269,-7.71503305435181,-6.5002643623302e-007,1.57125544548035,7.71503305435181,-0.517389416694641,1.33658933639526,7.71503305435181,-0.984132528305054,0.971088886260986,7.71503305435181,-1.35454201698303,0.510531425476074,7.71503305435181,-1.5923593044281,-4.9053790007747e-007,7.71503305435181,-1.67430543899536,-0.510532379150391,7.71503305435181,-1.5923593044281,-0.971090078353882,7.71503305435181,-1.35454201698303,-1.33658909797668,7.71503305435181,-0.984132289886475,-1.5712559223175,7.71503305435181,-0.517389297485352,-1.65211582183838,7.71503305435181,-6.5002643623302e-007,-1.5712559223175,7.71503305435181,0.517387986183167,-1.33658909797668,7.71503305435181,0.984131097793579,-0.971090078353882,7.71503305435181,1.3545401096344,-0.510532259941101,7.71503305435181,1.59235739707947,-5.39774873686838e-007,7.71503305435181,1.67430353164673,0.510531067848206,7.71503305435181,1.59235739707947,0.971088647842407,7.71503305435181,1.3545401096344,1.33658790588379,7.71503305435181,0.984131097793579,
1.57125449180603,7.71503305435181,0.517387866973877,1.6521143913269,7.71503305435181,-6.5002643623302e-007,-4.9053790007747e-007,-7.71503305435181,-6.5002643623302e-007,-4.99901148032222e-007,7.71503305435181,-6.5002643623302e-007
		} 
		PolygonVertexIndex: *200 {
			a: 0,1,21,-21,1,2,22,-22,2,3,23,-23,3,4,24,-24,4,5,25,-25,5,6,26,-26,6,7,27,-27,7,8,28,-28,8,9,29,-29,9,10,30,-30,10,11,31,-31,11,12,32,-32,12,13,33,-33,13,14,34,-34,14,15,35,-35,15,16,36,-36,16,17,37,-37,17,18,38,-38,18,19,39,-39,19,0,20,-40,1,0,-41,2,1,-41,3,2,-41,4,3,-41,5,4,-41,6,5,-41,7,6,-41,8,7,-41,9,8,-41,10,9,-41,11,10,-41,12,11,-41,13,12,-41,14,13,-41,15,14,-41,16,15,-41,17,16,-41,18,17,-41,19,18,-41,0,19,-41,20,21,-42,21,22,-42,22,23,-42,23,24,-42,24,25,-42,25,26,-42,26,27,-42,27,28,-42,28,29,-42,29,30,-42,30,31,-42,31,32,-42,32,33,-42,33,34,-42,34,35,-42,35,36,-42,36,37,-42,37,38,-42,38,39,-42,39,20,-42
		} 
		Edges: *100 {
			a: 0,4,8,12,16,20,24,28,32,36,40,44,48,52,56,60,64,68,72,76,2,6,10,14,18,22,26,30,34,38,42,46,50,54,58,62,66,70,74,78,3,1,5,9,13,17,21,25,29,33,37,41,45,49,53,57,61,65,69,73,81,82,85,88,91,94,97,100,103,106,109,112,115,118,121,124,127,130,133,136,142,141,144,147,150,153,156,159,162,165,168,171,174,177,180,183,186,189,192,195
		} 
		GeometryVersion: 124
		LayerElementNormal: 0 {
			Version: 101
			Name: ""
			MappingInformationType: "ByPolygonVertex"
			ReferenceInformationType: "Direct"
			Normals: *600 {
				a: 0.951056778430939,0,-0.309015989303589,0.80901700258255,0,-0.587785243988037,0.80901700258255,0,-0.587785243988037,0.951056778430939,0,-0.309015989303589,0.80901700258255,0,-0.587785243988037,0.587785184383392,0,-0.809017181396484,0.587785184383392,0,-0.809017181396484,0.80901700258255,0,-0.587785243988037,0.587785184383392,0,-0.809017181396484,0.309016734361649,0,-0.951056599617004,0.309016734361649,0,-0.951056599617004,0.587785184383392,0,-0.809017181396484,0.309016734361649,0,-0.951056599617004,0,0,-1,0,0,-1,0.309016734361649,0,-0.951056599617004,0,0,-1,-0.309017091989517,0,-0.951056480407715,-0.309017091989517,0,-0.951056480407715,0,0,-1,-0.309017091989517,0,-0.951056480407715,-0.587785601615906,0,-0.809016764163971,-0.587785601615906,0,-0.809016764163971,-0.309017091989517,0,-0.951056480407715,-0.587785601615906,0,-0.809016764163971,-0.809017062187195,0,-0.587785184383392,-0.809017062187195,0,-0.587785184383392,-0.587785601615906,0,-0.809016764163971,-0.809017062187195,0,-0.587785184383392,-0.951056480407715,0,-0.30901700258255,-0.951056480407715,0,-0.30901700258255,-0.809017062187195,0,-0.587785184383392,-0.951056480407715,0,-0.30901700258255,-1,0,0,-1,0,0,-0.951056480407715,0,-0.30901700258255,-1,0,0,-0.951056480407715,0,0.30901700258255,-0.951056480407715,0,0.30901700258255,-1,0,0,-0.951056480407715,0,0.30901700258255,-0.809016883373261,0,0.587785363197327,-0.809016883373261,0,0.587785363197327,-0.951056480407715,0,0.30901700258255,-0.809016883373261,0,0.587785363197327,-0.587785243988037,0,0.809017062187195,-0.587785243988037,0,0.809017062187195,-0.809016883373261,0,0.587785363197327,-0.587785243988037,0,0.809017062187195,-0.309016883373261,0,0.95105654001236,-0.309016883373261,0,0.95105654001236,-0.587785243988037,0,0.809017062187195,-0.309016883373261,0,0.95105654001236,1.21069829717158e-008,0,1,1.21069829717158e-008,0,1,-0.309016883373261,0,0.95105654001236,1.21069829717158e-008,0,1,0.309017032384872,0,0.95105654001236,0.309017032384872,0,0.95105654001236,1.21069829717158e-008,0,1,
0.309017032384872,0,0.95105654001236,0.587785303592682,0,0.80901700258255,0.587785303592682,0,0.80901700258255,0.309017032384872,0,0.95105654001236,0.587785303592682,0,0.80901700258255,0.80901700258255,0,0.587785303592682,0.80901700258255,0,0.587785303592682,0.587785303592682,0,0.80901700258255,0.80901700258255,0,0.587785303592682,0.951056599617004,0,0.309016913175583,0.951056599617004,0,0.309016913175583,0.80901700258255,0,0.587785303592682,0.951056599617004,0,0.309016913175583,1,0,8.77755951478321e-007,1,0,8.77755951478321e-007,0.951056599617004,0,0.309016913175583,1,0,8.77755951478321e-007,0.951056778430939,0,-0.309015989303589,0.951056778430939,0,-0.309015989303589,1,0,8.77755951478321e-007,0,-1,2.23212708760911e-007,0,-1,-4.46425246991566e-007,0,-1,1.93323899111419e-008,0,-1,2.2321276560433e-007,0,-1,2.23212708760911e-007,0,-1,1.93323899111419e-008,0,-1,0,0,-1,2.2321276560433e-007,0,-1,1.93323899111419e-008,0,-1,0,0,-1,0,0,-1,1.93323899111419e-008,0,-1,0,0,-1,0,0,-1,1.93323899111419e-008,0,-1,0,0,-1,0,0,-1,1.93323899111419e-008,0,-1,-4.4642558805208e-007,0,-1,0,0,-1,1.93323899111419e-008,0,-1,0,0,-1,-4.4642558805208e-007,0,-1,1.93323899111419e-008,0,-1,0,0,-1,0,0,-1,1.93323899111419e-008,0,-1,0,0,-1,0,0,-1,1.93323899111419e-008,0,-1,4.46425787004046e-007,0,-1,0,0,-1,1.93323899111419e-008,0,-1,0,0,-1,4.46425787004046e-007,0,-1,1.93323899111419e-008,0,-1,-2.98886035920987e-008,0,-1,0,0,-1,1.93323899111419e-008,0,-1,-2.9888610697526e-008,0,-1,-2.98886035920987e-008,0,-1,1.93323899111419e-008,0,-1,0,0,-1,-2.9888610697526e-008,0,-1,1.93323899111419e-008,0,-1,0,0,-1,0,0,-1,1.93323899111419e-008,0,-1,4.46425929112593e-007,0,-1,0,0,-1,1.93323899111419e-008,0,-1,4.46426014377721e-007,0,-1,4.46425929112593e-007,0,-1,1.93323899111419e-008,0,-0.999999940395355,-4.46426099642849e-007,0,-1,4.46426014377721e-007,0,-1,1.93323899111419e-008,0,-1,-4.46425246991566e-007,0,-0.999999940395355,-4.46426099642849e-007,0,-1,1.93323899111419e-008,0,1,-4.46425246991566e-007,0,1,0,0,1,-1.93324574127018e-008,0,1,0,0,1,0,0,1,-1.93324574127018e-008,
0,1,0,0,0.999999940395355,0,0,1,-1.93324574127018e-008,0,0.999999940395355,0,0,1,0,0,1,-1.93324574127018e-008,0,1,0,0,1,0,0,1,-1.93324574127018e-008,0,1,0,0,1,0,0,1,-1.93324574127018e-008,0,1,0,0,1,-4.46425644895498e-007,0,1,-1.93324574127018e-008,0,1,-4.46425644895498e-007,0,1,-7.52881982560467e-014,0,1,-1.93324574127018e-008,0,1,-7.52881982560467e-014,0,1,0,0,1,-1.93324574127018e-008,0,1,0,0,1,7.52881982560467e-014,0,1,-1.93324574127018e-008,0,1,7.52881982560467e-014,0,1,4.46425843847464e-007,0,1,-1.93324574127018e-008,0,1,4.46425843847464e-007,0,1,0,0,1,-1.93324574127018e-008,0,1,0,0,1,0,0,1,-1.93324574127018e-008,0,1,0,0,1,2.98886071448123e-008,0,1,-1.93324574127018e-008,0,1,2.98886071448123e-008,0,1,2.9888610697526e-008,0,1,-1.93324574127018e-008,0,1,2.9888610697526e-008,0,0.999999940395355,-2.23212936134587e-007,0,1,-1.93324574127018e-008,0,0.999999940395355,-2.23212936134587e-007,0,1,2.23212950345442e-007,0,1,-1.93324574127018e-008,0,1,2.23212950345442e-007,0,1,4.46425929112593e-007,0,1,-1.93324574127018e-008,0,1,4.46425929112593e-007,0,0.999999940395355,-4.46426099642849e-007,0,1,-1.93324574127018e-008,0,0.999999940395355,-4.46426099642849e-007,0,1,-4.46425246991566e-007,0,1,-1.93324574127018e-008
			} 
		}
		LayerElementUV: 0 {
			Version: 101
			Name: "map1"
			MappingInformationType: "ByPolygonVertex"
			ReferenceInformationType: "IndexToDirect"
			UV: *168 {
				a: 0.648602664470673,0.107966065406799,0.626408994197845,0.0644084960222244,0.591841518878937,0.0298410207033157,0.548283934593201,0.00764733552932739,0.5,-7.45058059692383e-008,0.451716065406799,0.00764735043048859,0.408158510923386,0.0298410505056381,0.373591065406799,0.0644085258245468,0.351397395133972,0.107966080307961,0.343749970197678,0.15625,0.351397395133972,0.204533919692039,0.373591065406799,0.248091459274292,0.408158540725708,0.282658934593201,0.451716095209122,0.304852604866028,0.5,0.3125,0.548283874988556,0.304852604866028,0.591841459274292,0.282658934593201,0.626408934593201,0.248091459274292,0.648602604866028,0.204533904790878,0.65625,0.15625,0.375,0.3125,0.387499988079071,0.3125,0.399999976158142,0.3125,0.412499964237213,0.3125,0.424999952316284,0.3125,0.437499940395355,0.3125,0.449999928474426,0.3125,0.462499916553497,0.3125,0.474999904632568,0.3125,0.487499892711639,0.3125,0.49999988079071,0.3125,0.512499868869781,0.3125,0.524999856948853,0.3125,0.537499845027924,0.3125,0.549999833106995,0.3125,0.562499821186066,0.3125,0.574999809265137,0.3125,0.587499797344208,0.3125,0.599999785423279,0.3125,0.61249977350235,0.3125,0.624999761581421,0.3125,0.375,0.688439846038818,0.387499988079071,0.688439846038818,0.399999976158142,0.688439846038818,0.412499964237213,0.688439846038818,0.424999952316284,0.688439846038818,0.437499940395355,0.688439846038818,0.449999928474426,0.688439846038818,0.462499916553497,0.688439846038818,0.474999904632568,0.688439846038818,0.487499892711639,0.688439846038818,0.49999988079071,0.688439846038818,0.512499868869781,0.688439846038818,0.524999856948853,0.688439846038818,0.537499845027924,0.688439846038818,0.549999833106995,0.688439846038818,0.562499821186066,0.688439846038818,0.574999809265137,0.688439846038818,0.587499797344208,0.688439846038818,0.599999785423279,0.688439846038818,0.61249977350235,0.688439846038818,0.624999761581421,0.688439846038818,0.648602664470673,0.795466065406799,0.626408994197845,0.751908481121063,0.591841518878937,0.717341005802155,0.548283934593201,
0.695147335529327,0.5,0.687499940395355,0.451716065406799,0.695147335529327,0.408158510923386,0.717341065406799,0.373591065406799,0.751908540725708,0.351397395133972,0.795466065406799,0.343749970197678,0.84375,0.351397395133972,0.892033934593201,0.373591065406799,0.935591459274292,0.408158540725708,0.970158934593201,0.451716095209122,0.992352604866028,0.5,1,0.548283874988556,0.992352604866028,0.591841459274292,0.970158934593201,0.626408934593201,0.935591459274292,0.648602604866028,0.892033934593201,0.65625,0.84375,0.5,0.150000005960464,0.5,0.837499976158142
			} 
			UVIndex: *200 {
				a: 20,21,42,41,21,22,43,42,22,23,44,43,23,24,45,44,24,25,46,45,25,26,47,46,26,27,48,47,27,28,49,48,28,29,50,49,29,30,51,50,30,31,52,51,31,32,53,52,32,33,54,53,33,34,55,54,34,35,56,55,35,36,57,56,36,37,58,57,37,38,59,58,38,39,60,59,39,40,61,60,1,0,82,2,1,82,3,2,82,4,3,82,5,4,82,6,5,82,7,6,82,8,7,82,9,8,82,10,9,82,11,10,82,12,11,82,13,12,82,14,13,82,15,14,82,16,15,82,17,16,82,18,17,82,19,18,82,0,19,82,80,79,83,79,78,83,78,77,83,77,76,83,76,75,83,75,74,83,74,73,83,73,72,83,72,71,83,71,70,83,70,69,83,69,68,83,68,67,83,67,66,83,66,65,83,65,64,83,64,63,83,63,62,83,62,81,83,81,80,83
			} 
		}
		LayerElementMaterial: 0 {
			Version: 101
			Name: ""
			MappingInformationType: "AllSame"
			ReferenceInformationType: "IndexToDirect"
			Materials: *1 {
				a: 0
			} 
		}
		Layer: 0 {
			Version: 100
			LayerElement:  {
				Type: "LayerElementNormal"
				TypedIndex: 0
			}
			LayerElement:  {
				Type: "LayerElementMaterial"
				TypedIndex: 0
			}
			LayerElement:  {
				Type: "LayerElementUV"
				TypedIndex: 0
			}
		}
	}
	NodeAttribute: 894914608, "NodeAttribute::", "LimbNode" {
		Properties70:  {
			P: "Size", "double", "Number", "",16.8840462379076
		}
		TypeFlags: "Skeleton"
	}
	NodeAttribute: 894906768, "NodeAttribute::", "LimbNode" {
		Properties70:  {
			P: "Size", "double", "Number", "",17.7880022595256
		}
		TypeFlags: "Skeleton"
	}
	NodeAttribute: 894901168, "NodeAttribute::", "LimbNode" {
		Properties70:  {
			P: "Size", "double", "Number", "",17.6495006574064
		}
		TypeFlags: "Skeleton"
	}
	NodeAttribute: 894904192, "NodeAttribute::", "LimbNode" {
		Properties70:  {
			P: "Size", "double", "Number", "",16.9963783031899
		}
		TypeFlags: "Skeleton"
	}
	NodeAttribute: 894906432, "NodeAttribute::", "LimbNode" {
		Properties70:  {
			P: "Size", "double", "Number", "",16.6775000379391
		}
		TypeFlags: "Skeleton"
	}
	NodeAttribute: 894914384, "NodeAttribute::", "LimbNode" {
		Properties70:  {
			P: "Size", "double", "Number", "",17.2393768610057
		}
		TypeFlags: "Skeleton"
	}
	NodeAttribute: 894912928, "NodeAttribute::", "LimbNode" {
		Properties70:  {
			P: "Size", "double", "Number", "",17.3360939524683
		}
		TypeFlags: "Skeleton"
	}
	NodeAttribute: 894911584, "NodeAttribute::", "LimbNode" {
		Properties70:  {
			P: "Size", "double", "Number", "",17.2219832347098
		}
		TypeFlags: "Skeleton"
	}
	NodeAttribute: 894910464, "NodeAttribute::", "LimbNode" {
		Properties70:  {
			P: "Size", "double", "Number", "",18.0802944249088
		}
		TypeFlags: "Skeleton"
	}
	NodeAttribute: 894909232, "NodeAttribute::", "LimbNode" {
		Properties70:  {
			P: "Size", "double", "Number", "",17.732585400043
		}
		TypeFlags: "Skeleton"
	}
	NodeAttribute: 894908560, "NodeAttribute::", "LimbNode" {
		Properties70:  {
			P: "Size", "double", "Number", "",17.732585400043
		}
		TypeFlags: "Skeleton"
	}
	Model: 894169760, "Model::pCylinder1", "Mesh" {
		Version: 232
		Properties70:  {
			P: "RotationActive", "bool", "", "",1
			P: "InheritType", "enum", "", "",1
			P: "ScalingMax", "Vector3D", "Vector", "",0,0,0
			P: "DefaultAttributeIndex", "int", "Integer", "",0
			P: "Lcl Translation", "Lcl Translation", "", "A",-0.424946680799085,-0.728093787232091,-0.0317291153794947
		}
		Shading: T
		Culling: "CullingOff"
	}
	Model: 894200448, "Model::joint1", "LimbNode" {
		Version: 232
		Properties70:  {
			P: "PreRotation", "Vector3D", "Vector", "",0,-7.722597439102,0
			P: "RotationActive", "bool", "", "",1
			P: "InheritType", "enum", "", "",1
			P: "ScalingMax", "Vector3D", "Vector", "",0,0,0
			P: "DefaultAttributeIndex", "int", "Integer", "",0
			P: "Lcl Translation", "Lcl Translation", "", "A",-0.210851302364442,-7.6810918023351,-0.179359223957177
			P: "Lcl Rotation", "Lcl Rotation", "", "A",8.27700190369145,-4.17678150461981,89.9704334982128
			P: "lockInfluenceWeights", "Bool", "", "A+U",0
		}
		Shading: Y
		Culling: "CullingOff"
	}
	Model: 894222368, "Model::joint2", "LimbNode" {
		Version: 232
		Properties70:  {
			P: "PreRotation", "Vector3D", "Vector", "",0,2.98677307342983,0
			P: "RotationActive", "bool", "", "",1
			P: "InheritType", "enum", "", "",2
			P: "ScalingMax", "Vector3D", "Vector", "",0,0,0
			P: "DefaultAttributeIndex", "int", "Integer", "",0
			P: "Lcl Translation", "Lcl Translation", "", "A",1.12642164432983,0.0368063940673333,-0.000367816020043837
			P: "lockInfluenceWeights", "Bool", "", "A+U",0
		}
		Shading: Y
		Culling: "CullingOff"
	}
	Model: 894215792, "Model::joint3", "LimbNode" {
		Version: 232
		Properties70:  {
			P: "PreRotation", "Vector3D", "Vector", "",0,1.0299930992612,0
			P: "RotationActive", "bool", "", "",1
			P: "InheritType", "enum", "", "",2
			P: "ScalingMax", "Vector3D", "Vector", "",0,0,0
			P: "DefaultAttributeIndex", "int", "Integer", "",0
			P: "Lcl Translation", "Lcl Translation", "", "A",1.6503746438582,0,-2.52575738102223e-015
			P: "lockInfluenceWeights", "Bool", "", "A+U",0
		}
		Shading: Y
		Culling: "CullingOff"
	}
	Model: 894204832, "Model::joint4", "LimbNode" {
		Version: 232
		Properties70:  {
			P: "PreRotation", "Vector3D", "Vector", "",0,7.2193325207249,0
			P: "RotationActive", "bool", "", "",1
			P: "InheritType", "enum", "", "",2
			P: "ScalingMax", "Vector3D", "Vector", "",0,0,0
			P: "DefaultAttributeIndex", "int", "Integer", "",0
			P: "Lcl Translation", "Lcl Translation", "", "A",1.57004371462903,0,-4.16333634234434e-017
			P: "lockInfluenceWeights", "Bool", "", "A+U",0
		}
		Shading: Y
		Culling: "CullingOff"
	}
	Model: 894207024, "Model::joint5", "LimbNode" {
		Version: 232
		Properties70:  {
			P: "PreRotation", "Vector3D", "Vector", "",0,-11.9556901641899,0
			P: "RotationActive", "bool", "", "",1
			P: "InheritType", "enum", "", "",2
			P: "ScalingMax", "Vector3D", "Vector", "",0,0,0
			P: "DefaultAttributeIndex", "int", "Integer", "",0
			P: "Lcl Translation", "Lcl Translation", "", "A",1.19123274918348,0,-3.7470027081099e-016
			P: "lockInfluenceWeights", "Bool", "", "A+U",0
		}
		Shading: Y
		Culling: "CullingOff"
	}
	Model: 894217984, "Model::joint6", "LimbNode" {
		Version: 232
		Properties70:  {
			P: "PreRotation", "Vector3D", "Vector", "",0,2.7340061731236,0
			P: "RotationActive", "bool", "", "",1
			P: "InheritType", "enum", "", "",2
			P: "ScalingMax", "Vector3D", "Vector", "",0,0,0
			P: "DefaultAttributeIndex", "int", "Integer", "",0
			P: "Lcl Translation", "Lcl Translation", "", "A",1.00628335533798,0,7.21644966006352e-016
			P: "lockInfluenceWeights", "Bool", "", "A+U",0
		}
		Shading: Y
		Culling: "CullingOff"
	}
	Model: 894202640, "Model::joint7", "LimbNode" {
		Version: 232
		Properties70:  {
			P: "PreRotation", "Vector3D", "Vector", "",0,-2.91195165908501,0
			P: "RotationActive", "bool", "", "",1
			P: "InheritType", "enum", "", "",2
			P: "ScalingMax", "Vector3D", "Vector", "",0,0,0
			P: "DefaultAttributeIndex", "int", "Integer", "",0
			P: "Lcl Translation", "Lcl Translation", "", "A",1.33217191271661,0,-1.80411241501588e-015
			P: "lockInfluenceWeights", "Bool", "", "A+U",0
		}
		Shading: Y
		Culling: "CullingOff"
	}
	Model: 894209216, "Model::joint8", "LimbNode" {
		Version: 232
		Properties70:  {
			P: "PreRotation", "Vector3D", "Vector", "",0,17.1594200158974,0
			P: "RotationActive", "bool", "", "",1
			P: "InheritType", "enum", "", "",2
			P: "ScalingMax", "Vector3D", "Vector", "",0,0,0
			P: "DefaultAttributeIndex", "int", "Integer", "",0
			P: "Lcl Translation", "Lcl Translation", "", "A",1.38826782576495,0,2.55351295663786e-015
			P: "lockInfluenceWeights", "Bool", "", "A+U",0
		}
		Shading: Y
		Culling: "CullingOff"
	}
	Model: 894213600, "Model::joint9", "LimbNode" {
		Version: 232
		Properties70:  {
			P: "PreRotation", "Vector3D", "Vector", "",0,-20.7818965568533,0
			P: "RotationActive", "bool", "", "",1
			P: "InheritType", "enum", "", "",2
			P: "ScalingMax", "Vector3D", "Vector", "",0,0,0
			P: "DefaultAttributeIndex", "int", "Integer", "",0
			P: "Lcl Translation", "Lcl Translation", "", "A",1.32208360946503,0,8.32667268468867e-017
			P: "lockInfluenceWeights", "Bool", "", "A+U",0
		}
		Shading: Y
		Culling: "CullingOff"
	}
	Model: 894211408, "Model::joint10", "LimbNode" {
		Version: 232
		Properties70:  {
			P: "PreRotation", "Vector3D", "Vector", "",0,13.3897877822283,0
			P: "RotationActive", "bool", "", "",1
			P: "InheritType", "enum", "", "",2
			P: "ScalingMax", "Vector3D", "Vector", "",0,0,0
			P: "DefaultAttributeIndex", "int", "Integer", "",0
			P: "Lcl Translation", "Lcl Translation", "", "A",1.81990409978044,0,-2.22044604925031e-016
			P: "lockInfluenceWeights", "Bool", "", "A+U",0
		}
		Shading: Y
		Culling: "CullingOff"
	}
	Model: 894220176, "Model::joint11", "LimbNode" {
		Version: 232
		Properties70:  {
			P: "PreRotation", "Vector3D", "Vector", "",0,-1.14717684543502,0
			P: "RotationActive", "bool", "", "",1
			P: "InheritType", "enum", "", "",2
			P: "ScalingMax", "Vector3D", "Vector", "",0,0,0
			P: "DefaultAttributeIndex", "int", "Integer", "",0
			P: "Lcl Translation", "Lcl Translation", "", "A",1.61823286535826,0,9.43689570931383e-016
			P: "lockInfluenceWeights", "Bool", "", "A+U",0
		}
		Shading: Y
		Culling: "CullingOff"
	}
	Pose: 898251200, "Pose::skinCluster1", "BindPose" {
		Type: "BindPose"
		Version: 100
		NbPoseNodes: 12
		PoseNode:  {
			Node: 894169760
			Matrix: *16 {
				a: 1,0,0,0,0,1,0,0,0,0,1,0,-0.424946680799085,-0.728093787232091,-0.0317291153794947,1
			} 
		}
		PoseNode:  {
			Node: 894200448
			Matrix: *16 {
				a: -0.00927722677378506,0.997343941531259,0.0722426145310344,0,-0.999907038829318,-0.00997445667768493,0.0092964462871569,0,0.0099923352111892,-0.0721496535326182,0.997343762567426,0,-0.210851302364442,-7.6810918023351,-0.179359223957177,1
			} 
		}
		PoseNode:  {
			Node: 894222368
			Matrix: *16 {
				a: -0.00978527929795476,0.999748527468233,0.0201774659995092,0,-0.999907038829318,-0.00997445667768493,0.0092964462871569,0,0.0094953677467502,-0.0200846219552503,0.999753192519168,0,-0.25810801924461,-6.55800258573774,-0.0980082496543357,1
			} 
		}
		PoseNode:  {
			Node: 894215792
			Matrix: *16 {
				a: -0.00995438507061824,0.999948027506985,0.002202839702791,0,-0.999907038829318,-0.00997445667768493,0.0092964462871569,0,0.00931793525685055,-0.00211009451810274,0.999954360750366,0,-0.274257396081026,-4.9080429657696,-0.0647078713914371,1
			} 
		}
		PoseNode:  {
			Node: 894204832
			Matrix: *16 {
				a: -0.0110464363629387,0.992285966229745,-0.123476870170821,0,-0.999907038829318,-0.00997445667768493,0.0092964462871569,0,0.00799311849433944,0.12356808421873,0.992303904365617,0,-0.289886215794147,-3.33808085022656,-0.0612493167617349,1
			} 
		}
		PoseNode:  {
			Node: 894207024
			Matrix: *16 {
				a: -0.0091510022726808,0.996359163756653,0.0847624678472095,0,-0.999907038829318,-0.00997445667768493,0.0092964462871569,0,0.0101080590120159,-0.0846695164278669,0.996357817318096,0,-0.303045092551451,-2.15603731069851,-0.208339008275894,1
			} 
		}
		PoseNode:  {
			Node: 894202640
			Matrix: *16 {
				a: -0.00911956524098141,0.996091397900139,0.0878564770472951,0,-0.999907038829318,-0.00997445667768493,0.0092964462871569,0,0.0101364308018399,-0.0877635302579117,0.9960897627861,0,-0.325072729019577,0.177773400007288,-0.0735665333001876,1
			} 
		}
		PoseNode:  {
			Node: 894217984
			Matrix: *16 {
				a: -0.00962273342809527,0.999263725328357,0.0371404125484025,0,-0.999907038829318,-0.00997445667768493,0.0092964462871569,0,0.00966005698517476,-0.0370475027077224,0.99926681414033,0,-0.312253593823109,-1.15341766827172,-0.123043947723875,1
			} 
		}
		PoseNode:  {
			Node: 894209216
			Matrix: *16 {
				a: -0.0117041964602561,0.977645935178253,-0.209931982352999,0,-0.999907038829318,-0.00997445667768493,0.0092964462871569,0,0.00699467546100141,0.210021274263883,0.977671795068146,0,-0.337733128028596,1.56061503923328,0.0484017870696314,1
			} 
		}
		PoseNode:  {
			Node: 894213600
			Matrix: *16 {
				a: -0.00846090425062374,0.988556148752715,0.1506159150371,0,-0.999907038829318,-0.00997445667768493,0.0092964462871569,0,0.0106923710582257,-0.150523257263408,0.988548644338743,0,-0.353207054330659,2.85314470599256,-0.229145845901771,1
			} 
		}
		PoseNode:  {
			Node: 894211408
			Matrix: *16 {
				a: -0.0107069935638535,0.996541744144347,-0.0824009251560184,0,-0.999907038829318,-0.00997445667768493,0.0092964462871569,0,0.00844239233917771,0.0824928020601139,0.996555900900628,0,-0.368605088664219,4.65222209397079,0.0449606753664291,1
			} 
		}
		PoseNode:  {
			Node: 894220176
			Matrix: *16 {
				a: -0.0105358251242391,0.997993565096371,-0.0624326870732621,0,-0.999907038829318,-0.00997445667768493,0.0092964462871569,0,0.00865506144036293,0.0625248289899413,0.998005879577491,0,-0.385931497538426,6.26485869604662,-0.0883832098569652,1
			} 
		}
	}
	Material: 894450224, "Material::lambert1", "" {
		Version: 102
		ShadingModel: "lambert"
		MultiLayer: 0
		Properties70:  {
			P: "AmbientColor", "ColorRGB", "Color", "",0,0,0
			P: "DiffuseColor", "ColorRGB", "Color", "",0.5,0.5,0.5
			P: "DiffuseFactor", "double", "Number", "",0.800000011920929
			P: "TransparencyFactor", "double", "Number", "",1
			P: "Emissive", "Vector3D", "Vector", "",0,0,0
			P: "Ambient", "Vector3D", "Vector", "",0,0,0
			P: "Diffuse", "Vector3D", "Vector", "",0.400000005960464,0.400000005960464,0.400000005960464
			P: "Opacity", "double", "Number", "",1
		}
	}
	Deformer: 875885008, "Deformer::", "Skin" {
		Version: 101
		Link_DeformAcuracy: 50
		SkinningType: "Linear"
	}
	Deformer: 284270544, "SubDeformer::", "Cluster" {
		Version: 100
		UserData: "", ""
		Indexes: *21 {
			a: 0,1,2,3,4,5,6,7,8,9,10,11,12,13,14,15,16,17,18,19,40
		} 
		Weights: *21 {
			a: 0.805454432964325,0.80947744846344,0.805569708347321,0.79489529132843,0.779253721237183,0.760630369186401,0.740885972976685,0.721622586250305,0.704182207584381,0.689706146717072,0.679179191589355,0.673441886901855,0.673161089420319,0.678766071796417,0.690329909324646,0.70738959312439,0.728720605373383,0.752179682254791,0.774821579456329,0.79345029592514,0.965012788772583
		} 
		Transform: *16 {
			a: -0.00927722677378516,-0.999907038829318,0.0099923352111892,0,0.997343941531259,-0.00997445667768497,-0.0721496535326182,0,0.0722426145310344,0.0092964462871569,0.997343762567426,0,6.94718184224597,0.146095533770711,-0.356557742634046,1
		} 
		TransformLink: *16 {
			a: -0.00927722677378516,0.997343941531259,0.0722426145310344,0,-0.999907038829318,-0.00997445667768498,0.0092964462871569,0,0.0099923352111892,-0.0721496535326182,0.997343762567426,0,-0.210851302364442,-7.6810918023351,-0.179359223957177,1
		} 
	}
	Deformer: 284240448, "SubDeformer::", "Cluster" {
		Version: 100
		UserData: "", ""
		Indexes: *21 {
			a: 0,1,2,3,4,5,6,7,8,9,10,11,12,13,14,15,16,17,18,19,40
		} 
		Weights: *21 {
			a: 0.16070844233036,0.157217159867287,0.159842878580093,0.167648747563362,0.179173797369003,0.192842081189156,0.207229390740395,0.221163660287857,0.233711495995522,0.244120687246323,0.251773566007614,0.256155490875244,0.256840109825134,0.253493219614029,0.245929598808289,0.234256312251091,0.21910859644413,0.201883420348167,0.18475840985775,0.170294925570488,0.0315443985164166
		} 
		Transform: *16 {
			a: -0.00978527929795487,-0.999907038829318,0.0094953677467502,0,0.999748527468233,-0.00997445667768499,-0.0200846219552503,0,0.0201774659995092,0.0092964462871569,0.999753192519168,0,5.83141264445944,0.109289139703377,-0.0524129326087298,1
		} 
		TransformLink: *16 {
			a: -0.00978527929795487,0.999748527468233,0.0201774659995092,0,-0.999907038829318,-0.00997445667768499,0.0092964462871569,0,0.0094953677467502,-0.0200846219552503,0.999753192519168,0,-0.258108019244611,-6.55800258573774,-0.0980082496543357,1
		} 
	}
	Deformer: 284242272, "SubDeformer::", "Cluster" {
		Version: 100
		UserData: "", ""
		Indexes: *21 {
			a: 0,1,2,3,4,5,6,7,8,9,10,11,12,13,14,15,16,17,18,19,40
		} 
		Weights: *21 {
			a: 0.0242510698735714,0.02382499165833,0.0246706176549196,0.0266242157667875,0.0294445138424635,0.0328453332185745,0.0365268290042877,0.0401973314583302,0.0435808002948761,0.0464137829840183,0.0484460666775703,0.0494527146220207,0.0492629110813141,0.0477996021509171,0.0451221391558647,0.04145597666502,0.0371931493282318,0.0328474156558514,0.0289624556899071,0.0259990021586418,0.00258745416067541
		} 
		Transform: *16 {
			a: -0.00995438507061821,-0.999907038829318,0.00931793525685055,0,0.999948027506985,-0.00997445667768485,-0.00211009451810273,0,0.002202839702791,0.0092964462871569,0.999954360750366,0,4.18130460223721,0.109289139703378,0.0227530500397802,1
		} 
		TransformLink: *16 {
			a: -0.00995438507061821,0.999948027506985,0.002202839702791,0,-0.999907038829318,-0.00997445667768485,0.0092964462871569,0,0.00931793525685055,-0.00211009451810272,0.999954360750366,0,-0.274257396081026,-4.9080429657696,-0.0647078713914371,1
		} 
	}
	Deformer: 284245920, "SubDeformer::", "Cluster" {
		Version: 100
		UserData: "", ""
		Indexes: *20 {
			a: 0,1,2,3,4,5,6,7,8,9,10,11,12,13,14,15,16,17,18,19
		} 
		Weights: *20 {
			a: 0.00655851466581225,0.0064696129411459,0.00675036665052176,0.0073572238907218,0.00822483748197556,0.00927169714123011,0.0104077570140362,0.011541516520083,0.0125837735831738,0.0134479999542236,0.0140516739338636,0.0143215758726001,0.0142052564769983,0.0136859342455864,0.0127963609993458,0.0116244992241263,0.0103061133995652,0.0090029239654541,0.00787138007581234,0.007032988127321
		} 
		Transform: *16 {
			a: -0.0110464363629387,-0.999907038829318,0.00799311849433944,0,0.992285966229745,-0.00997445667768484,0.12356808421873,0,-0.123476870170821,0.0092964462871569,0.992303904365617,0,2.58770040940893,0.109289139703378,0.350724557998467,1
		} 
		TransformLink: *16 {
			a: -0.0110464363629387,0.992285966229745,-0.123476870170821,0,-0.999907038829318,-0.00997445667768484,0.0092964462871569,0,0.00799311849433944,0.12356808421873,0.992303904365617,0,-0.289886215794147,-3.33808085022656,-0.0612493167617349,1
		} 
	}
	Deformer: 284255040, "SubDeformer::", "Cluster" {
		Version: 100
		UserData: "", ""
		Indexes: *20 {
			a: 0,1,2,3,4,5,6,7,8,9,10,11,12,13,14,15,16,17,18,19
		} 
		Weights: *20 {
			a: 0.00302754738368094,0.00301080453209579,0.00316641153767705,0.00347451725974679,0.0039031149353832,0.00441053276881576,0.0049500479362905,0.00547492550686002,0.00594174489378929,0.006311378441751,0.00654952321201563,0.00662835361436009,0.00653063086792827,0.00625518942251801,0.00582197960466146,0.00527360290288925,0.00467150425538421,0.00408653588965535,0.00358618912287056,0.00322282197885215
		} 
		Transform: *16 {
			a: -0.00915100227268077,-0.999907038829318,0.0101080590120159,0,0.996359163756653,-0.00997445667768485,-0.0846695164278669,0,0.0847624678472095,0.0092964462871569,0.996357817318096,0,1.43883002701196,0.109289139703378,0.0538311713371673,1
		} 
		TransformLink: *16 {
			a: -0.00915100227268077,0.996359163756653,0.0847624678472095,0,-0.999907038829318,-0.00997445667768485,0.0092964462871569,0,0.0101080590120159,-0.0846695164278669,0.996357817318096,0,-0.303045092551451,-2.15603731069851,-0.208339008275894,1
		} 
	}
	Deformer: 284259600, "SubDeformer::", "Cluster" {
		Version: 100
		UserData: "", ""
		Indexes: *20 {
			a: 20,21,22,23,24,25,26,27,28,29,30,31,32,33,34,35,36,37,38,39
		} 
		Weights: *20 {
